l	m	n	kenc	ke	menc	me	vprlfnc	vprlf
   1	  15	   3	 3.199654E-01	 7.180505E-02	 1.057569E-01	 8.701483E-02	 3.648445E+01	 2.939328E+01
   2	  14	   3	 9.506140E-01	 3.337784E-01	 2.405224E-01	 2.421271E-01	 6.504785E+01	 5.552208E+01
   3	  13	   3	 1.000000E+00	 3.381345E-01	 2.350986E-01	 2.260397E-01	 5.018258E+01	 4.175009E+01
   4	  12	   3	 3.880284E-01	 1.081285E-01	 1.056629E-01	 9.146524E-02	 2.314326E+01	 1.799313E+01
   5	  11	   3	 6.573391E-02	 8.115260E-03	 2.596888E-02	 1.858259E-02	 4.296468E+00	 3.171321E+00
   6	  10	   3	 4.133629E-03	-9.274752E-04	 3.228858E-03	 1.542206E-03	 3.850227E-01	 4.052952E-01
   7	   9	   3	 2.221297E-04	-2.805688E-04	 4.261307E-04	 3.374865E-06	 6.580332E-02	 1.157546E-01
   8	   8	   3	 2.022428E-05	-3.614039E-05	 9.381053E-05	-3.809767E-05	 3.372913E-02	 6.143518E-02
   9	   7	   3	 3.055980E-06	-2.404818E-06	 1.802153E-05	-7.455273E-06	 2.252563E-02	 3.821342E-02
  10	   6	   3	 2.579733E-07	 3.862278E-07	 1.903097E-06	 2.972148E-07	 1.219285E-02	 1.848603E-02
