l	m	n	kenc	ke	menc	me	vprlfnc	vprlf
   1	  20	   4	 1.750977E-01	 3.053477E-02	 5.505446E-02	 4.243714E-02	 1.385298E+01	 1.033701E+01
   2	  19	   4	 6.503279E-01	 2.025825E-01	 1.627924E-01	 1.559967E-01	 3.616708E+01	 2.866151E+01
   3	  18	   4	 1.000000E+00	 3.316141E-01	 2.325064E-01	 2.213000E-01	 3.920897E+01	 3.093776E+01
   4	  17	   4	 6.829558E-01	 2.208572E-01	 1.620521E-01	 1.494421E-01	 2.518575E+01	 1.947784E+01
   5	  16	   4	 2.306260E-01	 5.691567E-02	 6.282037E-02	 5.289675E-02	 8.972209E+00	 6.526714E+00
   6	  15	   4	 3.601746E-02	 4.695811E-03	 1.323948E-02	 9.262652E-03	 1.482625E+00	 1.014141E+00
   7	  14	   4	 2.964075E-03	-5.069271E-04	 1.827285E-03	 8.963499E-04	 1.310818E-01	 1.149905E-01
   8	  13	   4	 1.299372E-04	-1.548454E-04	 2.123297E-04	 4.884176E-06	 1.640876E-02	 2.673264E-02
   9	  12	   4	 1.135807E-05	-2.323611E-05	 3.683818E-05	-1.674280E-05	 6.751572E-03	 1.286812E-02
  10	  11	   4	 1.307514E-06	-9.034289E-07	 7.094098E-06	-3.766634E-06	 4.379780E-03	 8.129977E-03
  11	  10	   4	 3.539208E-07	 5.619232E-07	 3.129389E-06	 1.977232E-07	 2.785294E-03	 5.124134E-03
  12	   9	   4	 2.944370E-07	 1.375142E-06	 4.542239E-06	 1.032205E-06	 1.683452E-03	 2.975368E-03
  13	   8	   4	 6.839186E-07	 2.560221E-06	 1.287304E-05	 2.219869E-06	 7.892249E-04	 1.271922E-03
