l	m	n	kenc	ke	menc	me	vprlfnc	vprlf
   1	  20	   4	 1.495846E-01	-7.873101E-03	 5.409951E-03	 6.545614E-03	 5.753271E-04	 6.121906E-04
   2	  19	   4	 1.000000E+00	 7.562130E-01	 2.045081E-03	 1.922941E-03	 3.548239E-04	 3.472992E-04
   3	  18	   4	 3.069565E-01	 1.462722E-01	 6.944252E-03	 7.626619E-03	 4.352443E-04	 3.960877E-04
   4	  17	   4	 1.796433E-02	-1.533087E-02	 1.828553E-03	 1.971475E-03	 5.211696E-04	 4.544008E-04
   5	  16	   4	 1.098977E-03	-6.452909E-03	 7.903723E-04	 2.080032E-04	 4.664691E-04	 4.216736E-04
   6	  15	   4	 1.075501E-04	-1.718486E-03	 3.026435E-04	-3.296128E-05	 2.606712E-04	 2.504874E-04
   7	  14	   4	 1.379498E-05	-4.299666E-04	 7.905049E-05	-2.364254E-05	 1.488864E-04	 1.551743E-04
   8	  13	   4	 1.929900E-06	-9.839091E-05	 1.882366E-05	-7.484378E-06	 6.166175E-05	 6.992993E-05
   9	  12	   4	 2.748719E-07	-1.941575E-05	 8.885411E-06	-1.253948E-06	 5.800245E-05	 7.369585E-05
  10	  11	   4	 3.695022E-08	-2.362028E-06	 5.012154E-06	 1.699852E-07	 2.180146E-05	 2.750937E-05
  11	  10	   4	 5.436669E-09	 4.945394E-07	 2.675732E-06	 2.833455E-07	 1.733942E-05	 1.937664E-05
  12	   9	   4	 7.589146E-09	 7.083751E-07	 8.868912E-07	 1.519062E-07	 8.252388E-05	 7.217396E-05
  13	   8	   4	 4.002169E-09	 1.618011E-07	 4.880755E-07	 7.306965E-08	 1.243814E-04	 1.055555E-04
