l	m	n	kenc	ke	menc	me	vprlfnc	vprlf
   1	  25	   5	 1.307372E-01	-2.294055E-02	 5.118304E-03	 6.211236E-03	 3.639485E-06	 3.583914E-06
   2	  24	   5	 1.000000E+00	 6.885728E-01	 2.563749E-03	 2.886104E-03	 1.755757E-06	 9.616738E-07
   3	  23	   5	 5.566940E-01	 3.120681E-01	 7.598618E-03	 8.154027E-03	 3.672558E-06	 2.598692E-06
   4	  22	   5	 3.638030E-02	-1.845306E-02	 2.926832E-03	 3.274167E-03	 4.503370E-06	 3.207788E-06
   5	  21	   5	 2.250384E-03	-9.909413E-03	 1.253656E-03	 5.755045E-04	 2.874642E-06	 2.009504E-06
   6	  20	   5	 2.163348E-04	-2.768511E-03	 4.670398E-04	 2.199406E-06	 1.300534E-06	 1.110199E-06
   7	  19	   5	 2.743858E-05	-7.183745E-04	 1.364695E-04	-3.281792E-05	 5.018161E-07	 6.111283E-07
   8	  18	   5	 3.822066E-06	-1.711712E-04	 3.553551E-05	-1.421505E-05	 3.424612E-07	 4.671192E-07
   9	  17	   5	 5.416501E-07	-3.630268E-05	 1.409548E-05	-3.487010E-06	 4.093639E-07	 4.663810E-07
  10	  16	   5	 7.198095E-08	-5.820903E-06	 7.446688E-06	-2.617656E-07	 3.650580E-07	 3.890341E-07
  11	  15	   5	 9.196425E-09	-4.220421E-08	 4.244072E-06	 2.670552E-07	 2.126139E-07	 2.580641E-07
  12	  14	   5	 8.792090E-09	 8.474379E-07	 1.989219E-06	 2.519839E-07	 1.334504E-07	 1.949171E-07
  13	  13	   5	 8.200005E-09	 3.504781E-07	 8.874523E-07	 1.060511E-07	 4.079155E-08	 6.925191E-08
  14	  12	   5	 8.207054E-10	 2.124679E-08	 7.140947E-07	 3.319677E-08	 6.770733E-08	 9.728366E-08
  15	  11	   5	 1.296144E-10	 1.154077E-09	 5.759248E-07	 9.088765E-09	 1.417657E-07	 1.536522E-07
  16	  10	   5	 2.867748E-11	-3.043002E-10	 2.214973E-07	 1.532436E-09	 1.168282E-07	 8.635370E-08
