l	m	n	kenc	ke	menc	me	vprlfnc	vprlf
   1	  20	   4	 1.229483E-06	-1.735652E-06	 5.728127E-05	-5.783323E-07	 2.620595E-04	 4.718816E-04
   2	  19	   4	 4.801279E-06	-6.455180E-06	 1.737289E-04	-5.295824E-06	 3.266227E-03	 5.515425E-03
   3	  18	   4	 1.970494E-05	-2.610191E-05	 5.226881E-04	-3.897200E-05	 3.613477E-02	 5.745940E-02
   4	  17	   4	 7.381736E-05	-5.933634E-05	 1.325199E-03	-1.900359E-04	 3.983924E-01	 5.828302E-01
   5	  16	   4	 4.388582E-04	 7.158678E-05	 4.848442E-03	-9.194212E-04	 4.201606E+00	 5.543474E+00
   6	  15	   4	 2.069295E-03	 5.223835E-03	 1.024072E-02	 9.676052E-03	 5.079909E+01	 5.480199E+01
   7	  14	   4	 1.274643E-01	 1.324051E-01	 2.404155E-01	 2.232700E-01	 3.443100E+02	 3.366535E+02
   8	  13	   4	 6.867068E-01	 5.725512E-01	 2.272596E-01	 2.523755E-01	 2.912567E+02	 2.708771E+02
   9	  12	   4	 1.000000E+00	 8.460227E-01	 7.829250E-02	 7.084019E-02	 4.993266E+01	 3.872332E+01
  10	  11	   4	 3.643452E-01	 2.509148E-01	 3.941535E-01	 4.037221E-01	 4.473026E+02	 4.236391E+02
  11	  10	   4	 7.312077E-03	 8.957873E-03	 2.378728E-02	 2.711458E-02	 8.483837E+01	 7.555429E+01
  12	   9	   4	 8.371459E-04	-2.151066E-04	 5.736987E-03	-6.679066E-04	 3.410496E+00	 4.266658E+00
  13	   8	   4	 6.553058E-05	 1.242841E-04	 7.568730E-04	 2.088234E-04	 3.543023E-01	 3.941999E-01
