l	m	n	kenc	ke	menc	me	vprlfnc	vprlf
   1	  20	   4	 2.965635E-06	-4.407189E-06	 1.047253E-04	-2.414712E-06	 7.631823E-04	 1.365125E-03
   2	  19	   4	 1.142558E-05	-1.601761E-05	 3.176160E-04	-1.427427E-05	 8.762874E-03	 1.458522E-02
   3	  18	   4	 4.553457E-05	-5.981430E-05	 9.375311E-04	-8.200013E-05	 8.758764E-02	 1.369409E-01
   4	  17	   4	 1.746570E-04	-1.200868E-04	 2.454030E-03	-3.092474E-04	 8.418570E-01	 1.220390E+00
   5	  16	   4	 9.415531E-04	 3.819947E-04	 8.175486E-03	-7.196687E-04	 7.565357E+00	 9.977135E+00
   6	  15	   4	 5.349845E-03	 1.111734E-02	 2.176472E-02	 1.705824E-02	 7.839613E+01	 8.534190E+01
   7	  14	   4	 1.978069E-01	 2.115909E-01	 3.080908E-01	 2.824680E-01	 4.900690E+02	 4.808833E+02
   8	  13	   4	 7.391358E-01	 5.910998E-01	 2.774380E-01	 3.350519E-01	 4.873272E+02	 4.608115E+02
   9	  12	   4	 9.253115E-01	 7.724380E-01	 4.250277E-02	 3.987830E-02	 8.260825E+01	 5.657460E+01
  10	  11	   4	 1.000000E+00	 7.390385E-01	 7.802003E-01	 8.064859E-01	 8.855734E+02	 8.236395E+02
  11	  10	   4	 3.196663E-02	 2.816607E-02	 7.747341E-02	 7.491652E-02	 2.382039E+02	 2.119610E+02
  12	   9	   4	 2.299577E-03	-1.175537E-03	 1.163804E-02	-1.288174E-03	 1.038352E+01	 1.301752E+01
  13	   8	   4	 2.800673E-04	 2.465864E-04	 2.464510E-03	 4.360753E-04	 1.283506E+00	 1.445398E+00
