l	m	n	kenc	ke	menc	me	vprlfnc	vprlf
   1	  15	   3	 3.780543E-01	 9.368369E-02	 1.176684E-01	 9.814477E-02	 4.494787E+01	 3.685957E+01
   2	  14	   3	 1.000000E+00	 3.549812E-01	 2.516498E-01	 2.539542E-01	 8.109099E+01	 7.047022E+01
   3	  13	   3	 9.971099E-01	 3.303065E-01	 2.386260E-01	 2.280500E-01	 6.001555E+01	 5.082301E+01
   4	  12	   3	 4.019121E-01	 1.167469E-01	 1.083107E-01	 9.403321E-02	 2.732401E+01	 2.220237E+01
   5	  11	   3	 8.309574E-02	 1.565023E-02	 2.976465E-02	 2.238541E-02	 6.079298E+00	 4.995375E+00
   6	  10	   3	 6.865532E-03	-2.366956E-04	 4.290229E-03	 2.539724E-03	 7.920521E-01	 9.067228E-01
   7	   9	   3	 4.691031E-04	-3.474333E-04	 6.137292E-04	 1.535109E-04	 1.812882E-01	 3.233786E-01
   8	   8	   3	 3.111502E-05	-7.301128E-05	 1.269197E-04	-3.171093E-05	 1.184347E-01	 2.112723E-01
   9	   7	   3	 5.890867E-06	-1.010068E-05	 2.935202E-05	-3.682029E-06	 8.719629E-02	 1.454366E-01
  10	   6	   3	 7.429502E-07	-2.992261E-08	 5.245664E-06	 3.785151E-06	 4.676449E-02	 7.091996E-02
