l	m	n	kenc	ke	menc	me	vprlfnc	vprlf
   1	  20	   4	 4.168520E-06	-4.194049E-06	 9.995494E-05	-2.024446E-06	 1.700538E-03	 3.176298E-03
   2	  19	   4	 1.355299E-05	-1.955113E-05	 2.967531E-04	-1.405796E-05	 8.246629E-03	 1.594505E-02
   3	  18	   4	 4.811650E-05	-9.666947E-05	 8.498271E-04	-9.052260E-05	 4.392048E-02	 8.361208E-02
   4	  17	   4	 1.670731E-04	-3.418180E-04	 2.217008E-03	-3.819613E-04	 2.835923E-01	 5.101480E-01
   5	  16	   4	 7.405569E-04	-4.489472E-04	 6.438869E-03	-7.324778E-04	 2.056565E+00	 3.369418E+00
   6	  15	   4	 3.427488E-03	 5.819957E-03	 1.596085E-02	 6.081980E-03	 1.582657E+01	 2.210957E+01
   7	  14	   4	 5.808761E-02	 9.198553E-02	 1.216058E-01	 1.112101E-01	 1.151710E+02	 1.283273E+02
   8	  13	   4	 6.811344E-01	 5.721580E-01	 4.005680E-01	 4.577973E-01	 2.278265E+02	 2.269243E+02
   9	  12	   4	 3.370482E-01	 2.807187E-01	 6.606160E-03	 5.225132E-03	 3.760631E+01	 2.187997E+01
  10	  11	   4	 1.000000E+00	 7.014772E-01	 5.831667E-01	 6.322800E-01	 3.150149E+02	 2.920092E+02
  11	  10	   4	 3.614561E-02	 2.926862E-02	 6.985718E-02	 5.579412E-02	 1.227317E+02	 1.105424E+02
  12	   9	   4	 2.656037E-03	-2.341951E-03	 1.156098E-02	-1.253774E-03	 8.328838E+00	 1.008683E+01
  13	   8	   4	 2.842013E-04	-2.083934E-04	 2.200678E-03	-1.221967E-04	 9.044749E-01	 1.034016E+00
