l	m	n	kenc	ke	menc	me	vprlfnc	vprlf
   1	  20	   4	 1.868725E-06	-2.677725E-06	 1.032940E-04	-9.689041E-07	 3.158065E-04	 5.747645E-04
   2	  19	   4	 7.177445E-06	-9.696604E-06	 3.128643E-04	-7.916286E-06	 3.739488E-03	 6.398331E-03
   3	  18	   4	 2.890616E-05	-3.855300E-05	 9.289851E-04	-5.474394E-05	 3.956169E-02	 6.390573E-02
   4	  17	   4	 1.095551E-04	-1.105319E-04	 2.388853E-03	-2.606707E-04	 4.088373E-01	 6.141630E-01
   5	  16	   4	 6.137362E-04	-9.417857E-05	 8.209734E-03	-1.120274E-03	 4.136993E+00	 5.608445E+00
   6	  15	   4	 2.556747E-03	 5.576960E-03	 1.610433E-02	 8.859636E-03	 4.706003E+01	 5.244535E+01
   7	  14	   4	 1.256026E-01	 1.511121E-01	 2.833165E-01	 2.452061E-01	 3.219060E+02	 3.192232E+02
   8	  13	   4	 6.794678E-01	 5.889030E-01	 2.768577E-01	 2.833416E-01	 3.101321E+02	 2.899193E+02
   9	  12	   4	 1.000000E+00	 8.737703E-01	 8.805952E-02	 6.770664E-02	 3.431268E+01	 2.573626E+01
  10	  11	   4	 4.117720E-01	 3.307439E-01	 5.258987E-01	 5.127740E-01	 4.697554E+02	 4.542978E+02
  11	  10	   4	 6.263978E-03	 7.371624E-03	 2.387091E-02	 2.468865E-02	 9.714771E+01	 9.054626E+01
  12	   9	   4	 1.113430E-03	-7.101958E-04	 9.288565E-03	-1.068045E-03	 5.193828E+00	 6.486988E+00
  13	   8	   4	 8.430760E-05	 1.234135E-04	 1.174990E-03	 2.305345E-04	 4.674781E-01	 5.462656E-01
