l	m	n	kenc	ke	menc	me	vprlfnc	vprlf
   1	  15	   3	 4.207458E-01	 1.095514E-01	 1.334318E-01	 1.125089E-01	 3.666079E+01	 3.047792E+01
   2	  14	   3	 1.000000E+00	 3.650927E-01	 2.693956E-01	 2.747734E-01	 6.867941E+01	 6.116756E+01
   3	  13	   3	 9.609762E-01	 3.224213E-01	 2.498384E-01	 2.407557E-01	 5.008127E+01	 4.386856E+01
   4	  12	   3	 3.957315E-01	 1.192170E-01	 1.149032E-01	 1.012611E-01	 2.285894E+01	 1.964655E+01
   5	  11	   3	 9.672542E-02	 2.262091E-02	 3.532010E-02	 2.769101E-02	 5.738409E+00	 5.191536E+00
   6	  10	   3	 1.028988E-02	 9.588273E-04	 5.884851E-03	 3.859701E-03	 9.733731E-01	 1.199755E+00
   7	   9	   3	 9.285564E-04	-2.958974E-04	 9.498483E-04	 3.579325E-04	 2.780556E-01	 4.989881E-01
   8	   8	   3	 4.792196E-05	-1.087818E-04	 1.858095E-04	-3.898889E-05	 2.010527E-01	 3.540852E-01
   9	   7	   3	 8.965531E-06	-1.987847E-05	 4.738258E-05	-6.080077E-06	 1.464984E-01	 2.428699E-01
  10	   6	   3	 1.242056E-06	-1.282522E-06	 9.430125E-06	 5.880584E-06	 7.372297E-02	 1.127467E-01
