l	m	n	kenc	ke	menc	me	vprlfnc	vprlf
   1	  12	   3	 9.126817E-05	-7.591213E-04	 1.740581E-02	 8.503689E-03	 1.013574E-02	 1.055506E-02
   2	  11	   3	 1.663583E-02	 1.837738E-02	 6.247643E-01	 7.553035E-01	 2.776883E-02	 2.827297E-02
   3	  10	   3	 9.929781E-01	 1.000000E+00	 4.096861E-01	 3.998245E-01	 3.328649E-03	 3.092560E-03
   4	   9	   3	 1.482642E-02	 1.773252E-02	 6.758466E-01	 7.623000E-01	 2.819933E-02	 2.776925E-02
   5	   8	   3	 2.504315E-04	-2.246726E-03	 4.521603E-02	 2.057821E-02	 9.634785E-03	 9.751381E-03
   6	   7	   3	 8.512962E-05	-3.938781E-04	 3.361645E-02	 1.915699E-03	 4.084564E-04	 4.468445E-04
   7	   6	   3	 5.198085E-06	-1.137947E-05	 3.593878E-03	 1.781131E-04	 4.478795E-05	 4.675437E-05
   8	   5	   3	 1.547472E-06	-1.078906E-06	 1.638244E-03	 2.583698E-05	 7.837700E-06	 7.894504E-06
   9	   4	   3	 1.325772E-07	-8.996806E-08	 1.998180E-04	 3.406071E-06	 8.093240E-07	 8.329610E-07
  10	   3	   3	 3.428618E-08	-1.475193E-08	 6.947696E-05	 4.421270E-07	 2.790648E-07	 2.781703E-07
