l	m	n	kenc	ke	menc	me	vprlfnc	vprlf
   1	  20	   4	 8.497258E-06	-3.121870E-06	 5.309621E-05	 1.448253E-05	 2.104689E+00	 2.424924E+00
   2	  19	   4	 6.509016E-05	-2.234584E-04	 2.796083E-04	-2.565485E-04	 9.741394E+00	 1.092120E+01
   3	  18	   4	 3.320845E-04	-9.062555E-04	 9.510199E-04	-1.206433E-03	 4.762171E+01	 4.921627E+01
   4	  17	   4	 1.329988E-02	 1.689205E-02	 2.231647E-02	 2.150937E-02	 8.808847E+01	 8.854168E+01
   5	  16	   4	 2.475448E-01	 2.330836E-01	 2.097599E-01	 2.046624E-01	 3.287776E+01	 3.192481E+01
   6	  15	   4	 3.020792E-02	 1.769793E-02	 1.066940E-02	 1.309495E-02	 4.694307E+01	 4.477480E+01
   7	  14	   4	 3.039867E-02	 9.101026E-03	 1.068484E-03	-8.314296E-04	 6.116349E+01	 6.179412E+01
   8	  13	   4	 8.630721E-02	 2.663160E-02	 2.827162E-03	-5.425091E-03	 5.818183E+01	 5.760583E+01
   9	  12	   4	 8.498002E-02	 6.664695E-02	 2.566214E-02	 3.320068E-02	 1.437159E+02	 1.383146E+02
  10	  11	   4	 1.000000E+00	 9.217981E-01	 8.336543E-01	 8.112142E-01	 5.508515E+01	 4.997993E+01
  11	  10	   4	 1.988485E-02	 2.341253E-02	 3.194802E-02	 3.285771E-02	 9.759046E+01	 9.318555E+01
  12	   9	   4	 3.306679E-03	-3.777698E-03	 8.667929E-03	-2.511263E-03	 5.311628E+01	 5.158739E+01
  13	   8	   4	 1.226863E-04	-2.724408E-04	 4.803510E-04	-2.720260E-04	 4.481925E+00	 4.659296E+00
