l	m	n	kenc	ke	menc	me	vprlfnc	vprlf
   1	  15	   3	 3.278836E-01	 7.669967E-02	 9.994606E-02	 8.270573E-02	 4.926224E+01	 3.998329E+01
   2	  14	   3	 9.579281E-01	 3.316843E-01	 2.250265E-01	 2.254314E-01	 8.540984E+01	 7.282282E+01
   3	  13	   3	 1.000000E+00	 3.316325E-01	 2.187475E-01	 2.084732E-01	 6.500280E+01	 5.373136E+01
   4	  12	   3	 3.940319E-01	 1.106395E-01	 9.885452E-02	 8.530987E-02	 3.086114E+01	 2.400702E+01
   5	  11	   3	 7.029504E-02	 1.032263E-02	 2.489744E-02	 1.814964E-02	 6.198217E+00	 4.657764E+00
   6	  10	   3	 4.681632E-03	-6.962728E-04	 3.169287E-03	 1.701432E-03	 6.396678E-01	 6.741933E-01
   7	   9	   3	 2.727204E-04	-2.885660E-04	 4.267947E-04	 6.496945E-05	 1.188695E-01	 2.056543E-01
   8	   8	   3	 2.342830E-05	-4.758676E-05	 9.190053E-05	-2.340773E-05	 6.924139E-02	 1.240579E-01
   9	   7	   3	 3.970568E-06	-5.366056E-06	 1.890754E-05	-2.483458E-06	 5.222828E-02	 8.694459E-02
  10	   6	   3	 4.594333E-07	 4.474949E-07	 3.103000E-06	 2.407052E-06	 2.998542E-02	 4.481078E-02
