PLASMA GEOMETRY
Vacuum Toroidal magnetic field at R=1.8m [Tesla] 
	1.6
Geometric Center Major radius [m]
	1.8
Minor radius [m]
	0.4
Avg. Elongation
	1.5
Avg. Top/Bottom Triangularity
	0.4
Main Contaminant Species
	12C
Main Ion Species mass/proton
    2.5			
TRYING TO GET TO BETA(0)=0.015 , Rmax=1.8

Rho(norml. sqrt. toroid. flux), q, Beam Ion Density(10^20 m^-3), Ion Density(10^20 m^-3), Elec Density(10^20 m^-3), Impurity Density(10^20 m^-3), Beam Ion Effective Temp(keV), Ion Temp(keV), Electron Temp(keV), Beam Pressure(kPa), Thermal Pressure(kPa), Equil.Pressure(kPa), Tor Rot(km/s), Pol Rot(km/s)
0 1.02735 0.038893 0.17484 0.4194 1 29.2424776637172 1.65 1.7066 14330.51478 8043.9146604 22374.4294404 0 0
0.01 1.06949583966118 0.038932 0.17434 0.4191 1 29.5034576427595 1.6412 1.7078 14344.88472 8024.94496188 22369.82968188 0 0
0.02 1.10651293513621 0.03899 0.17354 0.41849 1 29.701960481307 1.6304 1.7079 14366.2554 7991.40628287 22357.66168287 0 0
0.03 1.14672323834643 0.03906 0.17251 0.41745 1 29.8447949313694 1.618 1.706 14392.0476 7940.2399488 22332.2875488 0 0
0.04 1.19013615157574 0.03913 0.17127 0.41599 1 29.9382689534286 1.6039 1.702 14417.8398 7871.54661333 22289.38641333 0 0
0.05 1.235528868132 0.039192 0.16987 0.41421 1 29.9882125302461 1.5885 1.6965 14440.68432 7790.0915376 22230.7758576 0 0
0.06 1.28111508256787 0.039115 0.16843 0.41208 1 30 1.5718 1.6893 14412.3129 7696.52879418 22108.84169418 0 0
0.07 1.32527565733673 0.03884 0.16703 0.40965 1 29.978571908752 1.5541 1.6806 14310.9864 7593.79329513 21904.77969513 0 0
0.08 1.36696056318775 0.038436 0.1656 0.40693 1 29.9284563822448 1.5355 1.6705 14162.12856 7481.78347365 21643.91203365 0 0
0.09 1.40603470093642 0.037945 0.16413 0.40396 1 29.8537900170296 1.5163 1.659 13981.2147 7361.51007159 21342.72477159 0 0
0.1 1.44258511252164 0.037394 0.16259 0.40073 1 29.7583382909232 1.4965 1.6462 13778.19324 7233.01126461 21011.20450461 0 0
0.11 1.47669044138277 0.036797 0.16105 0.3973 1 29.6455154927957 1.4755 1.6322 13558.22262 7097.67970335 20655.90232335 0 0
0.12 1.5085914281835 0.036161 0.15956 0.39366 1 29.5184041716882 1.4504 1.617 13323.88206 6952.47209244 20276.35415244 0 0
0.13 1.53850887719622 0.035497 0.15809 0.38985 1 29.3797741052599 1.4244 1.6008 13079.22462 6802.53476076 19881.75938076 0 0
0.14 1.56663690056556 0.03481 0.15664 0.38589 1 29.2321007875666 1.3979 1.5836 12826.0926 6648.8003046 19474.8929046 0 0
0.15 1.59324464271489 0.034105 0.1552 0.3818 1 29.0775834361678 1.371 1.5654 12566.3283 6491.6958492 19058.0241492 0 0
0.16 1.61854201735077 0.033382 0.15377 0.3776 1 28.9181625185652 1.3433 1.5465 12299.93172 6332.04630441 18631.97802441 0 0
0.17 1.64271047227926 0.032643 0.15238 0.37331 1 28.7555367979701 1.3155 1.5268 12027.63978 6171.10903998 18198.74881998 0 0
0.18 1.66600026656004 0.03189 0.15102 0.36896 1 28.5911798984019 1.288 1.5063 11750.1894 6009.72844608 17759.91784608 0 0
0.19 1.68861870989531 0.031126 0.14969 0.36458 1 28.426356389116 1.2604 1.4853 11468.68596 5848.7413995 17317.4273595 0 0
0.2 1.71074691210182 0.030352 0.14839 0.36017 1 28.2621373883618 1.2335 1.4638 11183.49792 5689.14984711 16872.64776711 0 0
0.21 1.73262180331277 0.029572 0.14712 0.35577 1 28.0994156864716 1.2081 1.4418 10896.09912 5532.38571258 16428.48483258 0 0
0.22 1.75441674415341 0.02879 0.14586 0.35139 1 27.9389203882782 1.1835 1.4194 10607.9634 5377.82009076 15985.78349076 0 0
0.23 1.77626203417528 0.028005 0.14463 0.34706 1 27.7812310748638 1.1593 1.3967 10318.7223 5225.79017061 15544.51247061 0 0
0.24 1.79820539101976 0.027218 0.14344 0.34281 1 27.6267914846386 1.1361 1.3738 10028.74428 5077.65564162 15106.39992162 0 0
0.25 1.82026685112037 0.02643 0.1423 0.33864 1 27.4759227137489 1.1141 1.3508 9738.3978 4933.93044942 14672.32824942 0 0
0.26 1.84243496204584 0.025648 0.14119 0.3346 1 27.3288359358162 1.0939 1.3277 9450.26208 4795.55624961 14245.81832961 0 0
0.27 1.86469754605803 0.024879 0.14013 0.33069 1 27.1856446410057 1.0754 1.3045 9166.91634 4662.46806507 13829.38440507 0 0
0.28 1.88711290596516 0.02412 0.1391 0.32694 1 27.0463763944254 1.058 1.2814 8887.2552 4534.53081516 13421.78601516 0 0
0.29 1.90974543093406 0.023372 0.13813 0.32335 1 26.9109841138547 1.0419 1.2583 8611.64712 4411.81950552 13023.46662552 0 0
0.3 1.93274062620796 0.022633 0.13721 0.31993 1 26.7793568668035 1.0274 1.2353 8339.35518 4294.79445483 12634.14963483 0 0
0.31 1.95621980085682 0.021899 0.13636 0.31666 1 26.6513301869013 1.0146 1.2124 8068.90554 4183.3782144 12252.2837544 0 0
0.32 1.98027644659194 0.021168 0.13557 0.31355 1 26.5266959096163 1.0029 1.1897 7799.56128 4077.03863988 11876.59991988 0 0
0.33 2.00505273288687 0.020439 0.13485 0.3106 1 26.4052115273045 0.99246 1.1672 7530.95394 3975.88806351 11506.84200351 0 0
0.34 2.03053931124107 0.019713 0.13419 0.30779 1 26.2866090635892 0.98344 1.1449 7263.45198 3879.696242646 11143.148222646 0 0
0.35 2.05685137191987 0.018989 0.1336 0.30513 1 26.1706034670703 0.9757 1.1228 6996.68694 3788.35740684 10785.04434684 0 0
0.36 2.08402800933645 0.018275 0.13307 0.30262 1 26.0569005243636 0.96878 1.1011 6733.6065 3701.664797166 10435.271297166 0 0
0.37 2.11206623439711 0.017578 0.13261 0.30025 1 25.9452042924705 0.96258 1.0797 6476.78988 3619.139546988 10095.929426988 0 0
0.38 2.14100670135098 0.016897 0.13221 0.29801 1 25.8352240504775 0.95702 1.0585 6225.86862 3540.189305592 9766.057925592 0 0
0.39 2.17093979983935 0.016232 0.13186 0.29591 1 25.7266807705862 0.9521 1.0378 5980.84272 3465.44082504 9446.28354504 0 0
0.4 2.2017702232595 0.01558 0.13158 0.29394 1 25.6193131084722 0.94795 1.0176 5740.6068 3394.99528605 9135.60208605 0 0
0.41 2.2335887069755 0.014942 0.13134 0.2921 1 25.5128829129762 0.94419 0.99778 5505.52932 3327.846235326 8833.375555326 0 0
0.42 2.26639167780976 0.014318 0.13113 0.29037 1 25.4071802551226 0.94034 0.97854 5275.61028 3263.63800644 8539.24828644 0 0
0.43 2.30017251293847 0.013708 0.13095 0.28875 1 25.3020279764707 0.93595 0.95988 5050.84968 3201.821300025 8252.670980025 0 0
0.44 2.33492107966751 0.013109 0.1308 0.28723 1 25.1972857567938 0.93096 0.94187 4830.14214 3142.346133681 7972.488273681 0 0
0.45 2.37056703963588 0.012523 0.13066 0.2858 1 25.0928537010899 0.9257 0.92455 4614.22458 3085.35869952 7699.58327952 0 0
0.46 2.40720234942949 0.011948 0.13056 0.28445 1 24.9886754459217 0.92018 0.90796 4402.36008 3031.047461628 7433.407541628 0 0
0.47 2.44468891333578 0.011385 0.13047 0.28317 1 24.8847407850873 0.91441 0.89217 4194.9171 2979.230201316 7174.147301316 0 0
0.48 2.4830531621682 0.010833 0.1304 0.28196 1 24.7810878146198 0.90837 0.87721 3991.52718 2929.974532596 6921.501712596 0 0
0.49 2.52225893510228 0.010291 0.13034 0.28081 1 24.6778045971185 0.90209 0.86311 3791.82186 2883.186120897 6675.007980897 0 0
0.5 2.56213169356905 0.009759 0.1303 0.2797 1 24.5750303454092 0.89555 0.84982 3595.80114 2838.62240019 6434.42354019 0 0
0.51 2.60260781302866 0.0092434 0.13026 0.27863 1 24.4729561255346 0.88876 0.8373 3405.823164 2796.024880566 6201.848044566 0 0
0.52 2.64354446441789 0.00875 0.13023 0.27759 1 24.3718250790755 0.88173 0.82547 3224.025 2755.199020752 5979.224020752 0 0
0.53 2.68492415089274 0.0082777 0.13019 0.27657 1 24.2719321648009 0.87445 0.81429 3050.001342 2715.813174708 5765.814516708 0 0
0.54 2.72650434877444 0.0078253 0.13014 0.27557 1 24.1736234196494 0.86693 0.8037 2883.310038 2677.726012392 5561.036050392 0 0
0.55 2.7683193533206 0.0073918 0.13008 0.27457 1 24.07729473904 0.85917 0.79364 2723.582628 2640.661252884 5364.243880884 0 0
0.56 2.81017282562878 0.0069745 0.13001 0.27357 1 23.9833901765128 0.85085 0.78405 2569.82427 2604.14365167 5173.96792167 0 0
0.57 2.85217192892388 0.0065712 0.1299 0.27255 1 23.8923997627008 0.84123 0.77488 2421.224352 2566.95926121 4988.18361321 0 0
0.58 2.89435600578871 0.0061811 0.12977 0.27152 1 23.8048568436301 0.83094 0.7661 2277.488106 2529.898871958 4807.386977958 0 0
0.59 2.93677131361781 0.0058033 0.12961 0.27045 1 23.7213349383521 0.8207 0.7577 2138.283918 2493.44004492 4631.72396292 0 0
0.6 2.97947144176623 0.0054374 0.12941 0.26935 1 23.6424441159036 0.81121 0.74965 2003.464404 2458.244277936 4461.708681936 0 0
0.61 3.02260911618909 0.0050842 0.12917 0.26821 1 23.5688268916 0.80271 0.74194 1873.324332 2424.481042581 4297.805374581 0 0
0.62 3.06635594259782 0.0047445 0.1289 0.26702 1 23.5011536426553 0.79436 0.73454 1748.15847 2391.224297148 4139.382767148 0 0
0.63 3.1108069433211 0.0044177 0.12861 0.2658 1 23.4401175431337 0.78637 0.72745 1627.745742 2358.874958157 3986.620700157 0 0
0.64 3.15586833717297 0.0041032 0.12829 0.26454 1 23.386429018232 0.77903 0.72063 1511.865072 2327.523523389 3839.388595389 0 0
0.65 3.20194678364446 0.0038005 0.12795 0.26326 1 23.3408097178912 0.77263 0.71408 1400.33223 2297.642141493 3697.974371493 0 0
0.66 3.24896845251633 0.003511 0.12758 0.26195 1 23.3039860097376 0.76573 0.70778 1293.66306 2267.589383244 3561.252443244 0 0
0.67 3.29706561160567 0.0032362 0.12719 0.26062 1 23.276681991355 0.7583 0.70169 1192.410252 2237.374224648 3429.784476648 0 0
0.68 3.34649621845927 0.0029754 0.12678 0.25928 1 23.2596120218876 0.75042 0.69582 1096.315884 2207.159162172 3303.475046172 0 0
0.69 3.39731612026499 0.0027281 0.12635 0.25793 1 23.2534727729698 0.74219 0.69016 1005.195726 2177.027289153 3182.223015153 0 0
0.7 3.44982233414979 0.0024937 0.12591 0.25657 1 23.2589347989909 0.73368 0.68476 918.828702 2147.21284122 3066.04154322 0 0
0.71 3.50385423966363 0.0022729 0.12545 0.2552 1 23.2766336266855 0.72498 0.67962 837.472734 2117.74599765 2955.21873165 0 0
0.72 3.55998576005696 0.0020664 0.12498 0.25384 1 23.3071603640561 0.71618 0.67479 761.385744 2088.9829287 2850.3686727 0 0
0.73 3.61794500723589 0.0018737 0.12449 0.25248 1 23.3510518286265 0.70734 0.67029 690.383502 2060.905522158 2751.289024158 0 0
0.74 3.67822856512304 0.0016942 0.12399 0.25113 1 23.4087801950222 0.69857 0.66616 624.244932 2033.806725351 2658.051657351 0 0
0.75 3.7405550983766 0.0015274 0.12347 0.24977 1 23.4807421618851 0.68995 0.66245 562.785804 2007.69258663 2570.47839063 0 0
0.76 3.80531983713231 0.0013721 0.12294 0.24841 1 23.5672476381139 0.68155 0.65908 505.563966 1982.569676598 2488.133642598 0 0
0.77 3.87191698609982 0.0012268 0.1224 0.24704 1 23.6685079484393 0.67346 0.65609 452.026728 1958.540940576 2410.567668576 0 0
0.78 3.94057611222761 0.0010912 0.12183 0.24566 1 23.7846235583238 0.66578 0.65326 402.063552 1935.15055029 2337.21410229 0 0
0.79 4.01090967431414 9.6503E-4 0.12125 0.24426 1 23.9155713181973 0.65857 0.65045 355.5749538 1912.231541295 2267.806495095 0 0
0.8 4.08263248142402 8.4795E-4 0.12065 0.24284 1 24.0611912270175 0.65192 0.64753 312.435657 1889.561668932 2201.997325932 0 0
0.81 4.15454923140839 7.4056E-4 0.12002 0.24139 1 24.2211727151651 0.64593 0.6443 272.8667376 1866.747285756 2139.614023356 0 0
0.82 4.22547114003211 6.4348E-4 0.11937 0.23991 1 24.395040446665 0.64067 0.64067 237.0966408 1843.741139976 2080.837780776 0 0
0.83 4.2951636457349 5.5641E-4 0.11869 0.2384 1 24.5821396407404 0.63643 0.63643 205.0148286 1820.374937487 2025.389766087 0 0
0.84 4.36319211134866 4.7909E-4 0.11798 0.23684 1 24.7816209126962 0.63142 0.63142 176.5255014 1794.563959644 1971.089461044 0 0
0.85 4.4292864419542 4.112E-4 0.11724 0.23524 1 24.9924246341314 0.62532 0.62532 151.510752 1765.506476736 1917.017228736 0 0
0.86 4.49337227589306 3.5129E-4 0.11647 0.23359 1 25.2132648124829 0.6179 0.6179 129.4363134 1732.57961274 1862.01592614 0 0
0.87 4.55539358600583 2.98E-4 0.11567 0.23189 1 25.4426124898989 0.60876 0.60876 109.80108 1694.760811056 1804.561891056 0 0
0.88 4.61595273264402 2.5109E-4 0.11483 0.23013 1 25.6786786614434 0.59759 0.59759 92.5166214 1651.218617664 1743.735239064 0 0
0.89 4.67530038804993 2.1041E-4 0.11398 0.22836 1 25.9193967126265 0.58394 0.58394 77.5276686 1601.247216996 1678.774885596 0 0
0.9 4.7341760166643 1.7576E-4 0.11304 0.22641 1 26.1624043762743 0.56713 0.56713 64.7605296 1542.023350785 1606.783880385 0 0
0.91 4.79386385426654 1.4594E-4 0.112 0.22428 1 26.4050252087146 0.54608 0.54608 53.7730524 1470.922617024 1524.695669424 0 0
0.92 4.85601903559462 1.1981E-4 0.11056 0.22134 1 26.6442495853063 0.52016 0.52016 44.1451926 1382.85524304 1427.00043564 0 0
0.93 4.92222878519394 9.7241E-5 0.10776 0.2157 1 26.8767152152942 0.4882 0.4882 35.82941886 1264.88450772 1300.71392658 0 0
0.94 4.99625281039221 7.8147E-5 0.10332 0.2068 1 27.0986871759868 0.44952 0.44952 28.79404362 1116.635190624 1145.429234244 0 0
0.95 5.08233380768449 6.2459E-5 0.096056 0.19223 1 27.3060374662764 0.40307 0.40307 23.01364314 930.7574985402 953.7711416802 0 0
0.96 5.18752917985164 5.0113E-5 0.08587 0.17184 1 27.4942240794808 0.34809 0.34809 18.46463598 718.547253939 737.011889919 0 0
0.97 5.32339632685653 4.1051E-5 0.072285 0.14465 1 27.6582695955177 0.28357 0.28357 15.12565146 492.7452261795 507.8708776395 0 0
0.98 5.51176762387698 3.5215E-5 0.056425 0.11292 1 27.7927392924081 0.20872 0.20872 12.9753189 283.118964084 296.094282984 0 0
0.99 5.78435909301249 3.2568E-5 0.037638 0.080989 1 27.8917187771134 0.12252 0.12252 12.00000528 116.4187821204 128.4187874004 0 0
1 5.97365 3.2539E-5 0.0078688 0.047361 1 27.9487911356955 0.024265 0.024265 11.98931994 10.73461028697 22.72393022697 0 0