l	m	n	kenc	ke	menc	me	vprlfnc	vprlf
   1	  20	   4	 6.643590E-02	-2.117058E-02	 2.899126E-03	 3.545093E-03	 4.630588E-04	 4.669272E-04
   2	  19	   4	 5.935582E-01	 3.722315E-01	 6.796573E-03	 8.032118E-03	 1.592214E-04	 1.045246E-04
   3	  18	   4	 1.000000E+00	 7.517033E-01	 4.980432E-03	 4.906945E-03	 2.845438E-04	 2.629116E-04
   4	  17	   4	 9.539667E-02	 1.372111E-03	 6.228764E-03	 7.158272E-03	 3.200154E-04	 2.960483E-04
   5	  16	   4	 4.054597E-03	-1.353963E-02	 1.507434E-03	 1.158548E-03	 3.598780E-04	 3.264729E-04
   6	  15	   4	 3.227060E-04	-3.823809E-03	 6.040950E-04	 3.884439E-06	 3.362155E-04	 2.815894E-04
   7	  14	   4	 3.592168E-05	-9.459824E-04	 2.089118E-04	-4.926769E-05	 2.548407E-04	 2.045833E-04
   8	  13	   4	 4.658178E-06	-2.158336E-04	 4.874168E-05	-1.855961E-05	 1.439572E-04	 1.008723E-04
   9	  12	   4	 6.307890E-07	-4.275688E-05	 1.460299E-05	-3.945671E-06	 8.210126E-05	 6.538924E-05
  10	  11	   4	 8.600767E-08	-6.181836E-06	 8.355274E-06	-1.163973E-07	 3.623614E-05	 3.522313E-05
  11	  10	   4	 1.153783E-08	 3.545134E-07	 4.668082E-06	 3.881469E-07	 1.952870E-05	 1.361906E-05
  12	   9	   4	 7.118188E-09	 9.195439E-07	 2.199958E-06	 3.000603E-07	 8.398353E-05	 7.450235E-05
  13	   8	   4	 6.370500E-09	 3.210482E-07	 5.978833E-07	 8.320167E-08	 1.033455E-04	 9.471206E-05
