l	m	n	kenc	ke	menc	me	vprlfnc	vprlf
   1	  20	   4	 2.810554E-06	-3.537847E-06	 1.768265E-04	-9.792429E-07	 3.533974E-04	 6.430198E-04
   2	  19	   4	 1.009472E-05	-1.316266E-05	 5.358144E-04	-9.853451E-06	 3.924803E-03	 6.736081E-03
   3	  18	   4	 3.973330E-05	-5.803210E-05	 1.583258E-03	-7.346982E-05	 3.943963E-02	 6.419146E-02
   4	  17	   4	 1.533328E-04	-2.335582E-04	 4.161751E-03	-3.877146E-04	 3.838429E-01	 5.883184E-01
   5	  16	   4	 8.219885E-04	-7.604328E-04	 1.367275E-02	-1.818339E-03	 3.799523E+00	 5.249401E+00
   6	  15	   4	 3.442408E-03	 4.475688E-03	 2.780117E-02	 6.905099E-03	 4.147328E+01	 4.742605E+01
   7	  14	   4	 1.269194E-01	 1.778680E-01	 3.488487E-01	 2.766937E-01	 2.755617E+02	 2.757463E+02
   8	  13	   4	 8.491741E-01	 7.854498E-01	 4.158187E-01	 3.620902E-01	 2.963274E+02	 2.740145E+02
   9	  12	   4	 1.000000E+00	 8.915212E-01	 1.182736E-01	 6.976647E-02	 4.954536E+01	 4.362994E+01
  10	  11	   4	 4.071170E-01	 3.980568E-01	 6.545914E-01	 5.874890E-01	 4.033546E+02	 4.001944E+02
  11	  10	   4	 5.399278E-03	 4.048431E-03	 2.592777E-02	 1.823692E-02	 8.974806E+01	 8.770985E+01
  12	   9	   4	 1.349440E-03	-1.790223E-03	 1.450990E-02	-2.103418E-03	 5.880652E+00	 7.355514E+00
  13	   8	   4	 1.077398E-04	-2.628572E-05	 1.911536E-03	 3.408521E-05	 4.822458E-01	 5.877636E-01
