l	m	n	kenc	ke	menc	me	vprlfnc	vprlf
   1	  15	   3	 3.098849E-01	 6.581933E-02	 1.140762E-01	 9.341189E-02	 2.559160E+01	 2.043644E+01
   2	  14	   3	 9.423959E-01	 3.364343E-01	 2.621832E-01	 2.653251E-01	 4.682526E+01	 3.996651E+01
   3	  13	   3	 1.000000E+00	 3.462935E-01	 2.577455E-01	 2.501487E-01	 3.658235E+01	 3.061188E+01
   4	  12	   3	 3.814458E-01	 1.052186E-01	 1.153820E-01	 1.003603E-01	 1.631514E+01	 1.264454E+01
   5	  11	   3	 6.066577E-02	 5.627945E-03	 2.755141E-02	 1.935771E-02	 2.756860E+00	 1.982606E+00
   6	  10	   3	 3.589529E-03	-1.129666E-03	 3.371823E-03	 1.392230E-03	 2.097275E-01	 2.221732E-01
   7	   9	   3	 1.808025E-04	-2.651279E-04	 4.445288E-04	-5.945106E-05	 3.308179E-02	 5.998220E-02
   8	   8	   3	 1.782166E-05	-2.457081E-05	 9.936526E-05	-5.236389E-05	 1.419635E-02	 2.685417E-02
   9	   7	   3	 2.463776E-06	 1.535892E-06	 1.858586E-05	-1.100131E-05	 7.911442E-03	 1.394504E-02
  10	   6	   3	 1.770153E-07	 1.191579E-06	 1.676443E-06	-9.406559E-07	 3.906478E-03	 6.073447E-03
