l	m	n	kenc	ke	menc	me	vprlfnc	vprlf
   1	  20	   4	 1.510947E-01	-6.198448E-03	 5.604247E-03	 6.780568E-03	 5.891603E-04	 6.289869E-04
   2	  19	   4	 1.000000E+00	 7.657997E-01	 1.430241E-03	 1.216670E-03	 3.804463E-04	 3.678886E-04
   3	  18	   4	 2.342745E-01	 9.028055E-02	 7.287326E-03	 8.005239E-03	 5.317219E-04	 4.732604E-04
   4	  17	   4	 9.942908E-03	-1.604327E-02	 1.523328E-03	 1.623167E-03	 6.548538E-04	 5.741426E-04
   5	  16	   4	 7.433425E-04	-5.496603E-03	 7.429979E-04	 1.404266E-04	 6.136270E-04	 5.638661E-04
   6	  15	   4	 7.857224E-05	-1.442351E-03	 2.845693E-04	-3.553745E-05	 3.616454E-04	 3.502228E-04
   7	  14	   4	 1.049152E-05	-3.603611E-04	 7.119755E-05	-2.152818E-05	 1.790180E-04	 1.843769E-04
   8	  13	   4	 1.488346E-06	-8.172380E-05	 1.726875E-05	-6.536154E-06	 6.646139E-05	 7.510351E-05
   9	  12	   4	 2.152417E-07	-1.578916E-05	 8.824901E-06	-9.942199E-07	 5.234383E-05	 6.682373E-05
  10	  11	   4	 2.952184E-08	-1.689727E-06	 4.950803E-06	 2.188896E-07	 2.157145E-05	 2.615294E-05
  11	  10	   4	 4.885178E-09	 5.651294E-07	 2.609057E-06	 2.859134E-07	 2.032409E-05	 2.225885E-05
  12	   9	   4	 7.600248E-09	 6.833727E-07	 8.116134E-07	 1.436508E-07	 7.568037E-05	 6.683270E-05
  13	   8	   4	 3.575060E-09	 1.377457E-07	 4.877661E-07	 7.097631E-08	 1.246962E-04	 1.076654E-04
