l	m	n	kenc	ke	menc	me	vprlfnc	vprlf
   1	  20	   4	 3.160392E-06	-4.518186E-06	 9.852097E-05	-2.335729E-06	 6.105126E-04	 1.218693E-03
   2	  19	   4	 1.145290E-05	-1.741622E-05	 2.941221E-04	-1.317294E-05	 5.262216E-03	 9.942936E-03
   3	  18	   4	 4.297239E-05	-6.924297E-05	 8.449984E-04	-7.347062E-05	 4.469556E-02	 7.897018E-02
   4	  17	   4	 1.565318E-04	-1.792368E-04	 2.168320E-03	-2.658153E-04	 3.898725E-01	 6.356454E-01
   5	  16	   4	 7.598469E-04	 1.373105E-04	 6.655530E-03	-3.237780E-04	 3.329077E+00	 4.919096E+00
   6	  15	   4	 3.545994E-03	 7.279926E-03	 1.596269E-02	 8.671155E-03	 2.981617E+01	 3.693859E+01
   7	  14	   4	 9.084672E-02	 1.150188E-01	 1.616316E-01	 1.463859E-01	 2.193597E+02	 2.287070E+02
   8	  13	   4	 5.900362E-01	 4.833317E-01	 3.041158E-01	 3.599981E-01	 3.278881E+02	 3.212232E+02
   9	  12	   4	 4.935778E-01	 4.178260E-01	 1.389881E-02	 1.144739E-02	 4.761259E+01	 2.768187E+01
  10	  11	   4	 1.000000E+00	 7.244939E-01	 6.613412E-01	 6.995075E-01	 5.447756E+02	 5.050695E+02
  11	  10	   4	 3.424450E-02	 2.737453E-02	 7.295991E-02	 6.281221E-02	 1.794256E+02	 1.607310E+02
  12	   9	   4	 2.413376E-03	-1.664590E-03	 1.109163E-02	-1.153775E-03	 9.811234E+00	 1.215824E+01
  13	   8	   4	 2.829317E-04	 7.498760E-05	 2.311468E-03	 1.997846E-04	 1.124152E+00	 1.280487E+00
