PLASMA GEOMETRY
Vacuum Toroidal magnetic field at R=6.646m [Tesla] 
	5.00
Geometric Center Major radius [m]
	6.157
Minor radius [m]
	2.533
Avg. Elongation
	1.84193
Avg. Top/Bottom Triangularity
	0.577309
Main Contaminant Species
	12C
Main Ion Species mass/proton
        2.5			
TRYING TO GET TO BETA(0)=0.02044 , Rmax=8.195

Rho(norml. sqrt. toroid. flux), q, Beam Ion Density(10^20 m^-3), Ion Density(10^20 m^-3), Elec Density(10^20 m^-3),Alpha Density(10^20 m^-3), Impurity Density(10^20 m^-3), Beam Ion Effective Temp(keV), Ion Temp(keV), Electron Temp(keV), Alpha Temp(keV), Beam Pressure(kPa), Thermal Pressure(kPa), Equil.Pressure(kPa), Tor Rot(km/s)  
0 2.52636 0.002261 0.247 0.6496 0.003904 0.01315 199.848 20.0746 23.02 990.262 7233.33 413059 471077 86.2 0
0.02 2.53054 0.0024 0.247 0.6496 0.003903 0.01315 202.85 20.0746 23.02 990.196 7793.33 413052 470488 85.1892755113308 0
0.04 2.54251 0.002818 0.2468 0.6496 0.003858 0.01315 210.003 20.0661 22.7285 987.389 9473.33 409804 468859 84.1771849077885 0
0.06 2.56084 0.003263 0.2468 0.6496 0.003797 0.01315 216.844 20.0288 22.3703 984.277 11326.7 405728 466601 83.1640681021596 0
0.08 2.584 0.00385 0.2467 0.6496 0.003727 0.01315 234.082 19.9478 22.0084 980.75 14426.7 401143 464462 82.1502663909883 0
0.1 2.60786 0.004689 0.2467 0.6496 0.003641 0.01315 256.678 19.8109 21.6264 976.922 19266.7 395890 463332 81.1361219955347 0
0.12 2.61777 0.005717 0.2467 0.6496 0.003539 0.01315 277.76 19.6081 21.2374 973.07 25420 389955 463489 80.1219776000812 0
0.14 2.60461 0.007396 0.2467 0.6496 0.003418 0.01315 297.028 19.3336 20.8513 968.772 35166.7 383372 464679 79.1081758889098 0
0.16 2.56531 0.009551 0.2465 0.6496 0.003291 0.01315 310.938 19.0329 20.4927 964.903 47540 376703 466371 78.0950590832809 0
0.18 2.50232 0.01151 0.2463 0.6496 0.003173 0.01315 320.177 18.7458 20.1676 961.149 58993.3 370521 467735 77.0829684797386 0
0.2 2.42603 0.01288 0.2464 0.6496 0.003067 0.01315 326.894 18.4656 19.8599 957.162 67400 364791 467566 76.0722439910694 0
0.22 2.34612 0.01377 0.2466 0.6496 0.002964 0.01315 332.38 18.1832 19.5511 953.752 73266.7 359101 464846 75.0632236912196 0
0.24 2.2724 0.01383 0.2473 0.6496 0.002863 0.01315 333.649 17.8905 19.2343 950.305 73866.7 353540 459221 74.0562433654636 0
0.26 2.21303 0.01323 0.2482 0.6496 0.002768 0.01315 331.467 17.5988 18.9106 946.661 70200 348034 450552 73.0516360670858 0
0.28 2.17098 0.01219 0.2493 0.6496 0.002674 0.01315 328.555 17.3066 18.5803 943.339 64113.3 342561 439249 72.0497316818102 0
0.3 2.14564 0.01091 0.2505 0.6496 0.00258 0.01315 326.105 17.0049 18.2386 939.614 56953.3 336924 426250 71.0508565011702 0
0.32 2.13634 0.009514 0.2518 0.6496 0.002482 0.01315 324.316 16.6888 17.8811 935.773 49393.3 331022 412493 70.0553328059724 0
0.34 2.14066 0.008366 0.2531 0.6496 0.00238 0.01315 322.972 16.3628 17.5128 931.782 43253.3 324889 398733 69.0634784609571 0
0.36 2.15614 0.007492 0.2542 0.6496 0.002277 0.01315 322.294 16.0337 17.1413 927.109 38653.3 318559 385659 68.075606521705 0
0.38 2.18134 0.006839 0.2553 0.6496 0.002171 0.01315 322.072 15.7012 16.7658 922.884 35260 312131 373540 67.0920248547842 0
0.4 2.21569 0.006357 0.2564 0.6496 0.002064 0.01315 322.187 15.3641 16.3846 917.863 32786.7 305578 362228 66.1130357720663 0
0.42 2.25898 0.006002 0.2574 0.6496 0.001951 0.01315 322.301 15.0149 15.9916 913.177 30966.7 298715 351519 65.1389356800788 0
0.44 2.31191 0.005698 0.2585 0.6496 0.001835 0.01315 321.663 14.6545 15.5822 907.357 29340 291600 341067 64.1700147451889 0
0.46 2.37561 0.005424 0.2597 0.6496 0.001713 0.01315 320.022 14.2823 15.1533 901.719 27786.7 284194 330502 63.2065565753448 0
0.48 2.45092 0.005161 0.2609 0.6496 0.001588 0.01315 316.157 13.8923 14.7043 894.809 26120 276390 319636 62.2488379190267 0
0.5 2.53838 0.00489 0.2622 0.6496 0.00146 0.01315 308.895 13.4865 14.2371 888.255 24180 268266 308468 61.2971283819825 0
0.52 2.63839 0.004615 0.2635 0.6496 0.001333 0.01315 299.146 13.0628 13.7545 880.718 22100 259793 297035 60.3516901622486 0
0.54 2.75046 0.00433 0.2648 0.6496 0.001211 0.01315 292.675 12.6392 13.2687 873.841 20286.7 251266 285526 59.4127778038794 0
0.56 2.87355 0.004034 0.2661 0.6496 0.001096 0.01315 290.819 12.2203 12.7846 865.975 18780 242780 274154 58.4806379697275 0
0.58 3.00663 0.003752 0.2674 0.6496 9.88E-4 0.01315 291.81 11.8093 12.3107 858.208 17526.7 234455 263052 57.555509233544 0
0.6 3.1487 0.003497 0.2686 0.6496 8.88E-4 0.01315 293.081 11.4119 11.8537 850.738 16406.7 226377 252272 56.6376218915879 0
0.62 3.29878 0.003258 0.2698 0.6496 7.955E-4 0.01315 294.384 11.0259 11.4125 842.864 15353.3 218554 241848 55.7271977938585 0
0.64 3.45771 0.002976 0.271 0.6496 7.114E-4 0.01315 295.271 10.6568 10.9912 835.376 14066.7 211079 231766 54.8244501949923 0
0.66 3.62719 0.002645 0.2721 0.6496 6.348E-4 0.01315 295.536 10.3007 10.5854 827.931 12513.3 203844 222006 53.9295836247892 0
0.68 3.81003 0.002294 0.2732 0.6496 5.655E-4 0.01315 294.825 9.9583 10.1962 820.397 10826.7 196897 212626 53.0427937782676 0
0.7 4.01062 0.001954 0.2742 0.6496 5.031E-4 0.01315 292.842 9.62965 9.82337 813.547 9160 190207 203757 52.1642674250752 0
0.72 4.23421 0.001629 0.2752 0.6496 4.469E-4 0.01315 288.888 9.31352 9.46495 806.545 7533.33 183776 195525 51.2941823380214 0
0.74 4.48524 0.001331 0.276 0.6496 3.971E-4 0.01315 285.42 9.01448 9.12569 799.672 6081.33 177640 187986 50.4327072404333 0
0.76 4.76825 0.001064 0.2769 0.6496 3.53E-4 0.01315 282.793 8.73142 8.80424 792.923 4816.67 171861 181168 49.580001771979 0
0.78 5.07995 8.285E-4 0.2776 0.6496 3.137E-4 0.01315 281.292 8.46242 8.49825 786.452 3730.67 166315 174803 48.7362164725489 0
0.8 5.40394 6.252E-4 0.2783 0.6496 2.8E-4 0.01315 281.303 8.2159 8.2159 779.967 2815.33 161223 168323 47.9014927837311 0
0.82 5.71353 4.535E-4 0.2786 0.6487 2.454E-4 0.01313 283.669 7.93767 7.93767 773.859 2059.33 155646 161062 47.0759630673754 0
0.84 5.96806 3.16E-4 0.2754 0.6396 2.136E-4 0.01295 286.908 7.68435 7.68435 767.991 1451.33 148670 152127 46.2597506406906 0
0.86 6.12047 2.124E-4 0.2688 0.6228 1.83E-4 0.01261 289.795 7.43644 7.43644 761.914 985.333 140177 140567 45.452969827287 0
0.88 6.15211 1.364E-4 0.258 0.5963 1.492E-4 0.01207 292.284 7.143 7.143 754.761 638.2 128989 125925 44.6557260235375 0
0.9 6.08266 8.296E-5 0.2428 0.5591 1.064E-4 0.01132 294.824 6.68279 6.68279 743.284 391.533 113256 108305 43.8681157796004 0
0.92 5.95021 4.928E-5 0.2236 0.5125 5.507E-5 0.01037 296.71 5.84851 5.84851 719.935 234.067 90957.7 88087.1 43.0902268944223 0
0.94 5.82106 2.616E-5 0.2002 0.4569 1.45E-5 0.009247 300.086 4.49018 4.49018 676.96 125.667 62319.6 66513.4 42.3221385240149 0
0.96 5.75974 1.134E-5 0.1741 0.3964 1.258E-6 0.008023 311.462 2.86943 2.86943 612.108 56.54 34573.5 45200.8 41.5639213022822 0
0.98 5.82014 4.628E-6 0.1474 0.3355 2.818E-8 0.006791 347.619 1.55772 1.55772 537.347 25.7533 15886.6 25132.1 40.8156374736605 0
1 6.06454 5.912E-6 0.1224 0.2786 1.787E-10 0.005638 346.79 0.786964 0.786964 469.594 32.82 6664.67 6690.72 40.0773410368212 0