l	m	n	kenc	ke	menc	me	vprlfnc	vprlf
   1	  15	   3	 4.175641E-01	 1.072796E-01	 1.436664E-01	 1.207755E-01	 2.846220E+01	 2.369990E+01
   2	  14	   3	 1.000000E+00	 3.703309E-01	 2.928915E-01	 3.009107E-01	 5.392429E+01	 4.830644E+01
   3	  13	   3	 9.718516E-01	 3.340257E-01	 2.763159E-01	 2.700818E-01	 4.062672E+01	 3.585562E+01
   4	  12	   3	 3.993344E-01	 1.228319E-01	 1.274461E-01	 1.136366E-01	 1.816945E+01	 1.567144E+01
   5	  11	   3	 9.505519E-02	 2.212391E-02	 3.856851E-02	 3.018929E-02	 4.390319E+00	 3.969146E+00
   6	  10	   3	 9.758211E-03	 7.167655E-04	 6.215787E-03	 3.878837E-03	 6.817732E-01	 8.551227E-01
   7	   9	   3	 7.801059E-04	-3.229881E-04	 9.403437E-04	 2.413451E-04	 1.947717E-01	 3.519348E-01
   8	   8	   3	 3.990005E-05	-8.800902E-05	 1.902074E-04	-7.337873E-05	 1.255055E-01	 2.235268E-01
   9	   7	   3	 6.839932E-06	-1.336377E-05	 4.630062E-05	-2.038130E-05	 7.980951E-02	 1.353579E-01
  10	   6	   3	 8.038305E-07	-1.717975E-06	 7.175800E-06	-5.252128E-07	 3.703288E-02	 5.804675E-02
