l	m	n	kenc	ke	menc	me	vprlfnc	vprlf
   1	  15	   3	 3.717564E-01	 8.975817E-02	 1.258551E-01	 1.045214E-01	 3.410259E+01	 2.788206E+01
   2	  14	   3	 9.950770E-01	 3.585892E-01	 2.714106E-01	 2.755105E-01	 6.267970E+01	 5.464671E+01
   3	  13	   3	 1.000000E+00	 3.383106E-01	 2.598128E-01	 2.510514E-01	 4.732937E+01	 4.035464E+01
   4	  12	   3	 3.984604E-01	 1.162279E-01	 1.175298E-01	 1.026599E-01	 2.097297E+01	 1.706283E+01
   5	  11	   3	 7.881405E-02	 1.368704E-02	 3.156716E-02	 2.345465E-02	 4.396504E+00	 3.581881E+00
   6	  10	   3	 6.169864E-03	-5.677661E-04	 4.404946E-03	 2.387344E-03	 5.093526E-01	 5.890841E-01
   7	   9	   3	 3.742998E-04	-3.616301E-04	 6.015796E-04	 5.783389E-05	 1.113295E-01	 2.016188E-01
   8	   8	   3	 2.631367E-05	-5.852788E-05	 1.289648E-04	-5.545175E-05	 6.468618E-02	 1.170947E-01
   9	   7	   3	 4.479485E-06	-5.597398E-06	 2.801324E-05	-1.201227E-05	 4.200027E-02	 7.154079E-02
  10	   6	   3	 4.446635E-07	-5.954046E-08	 3.544834E-06	 2.510302E-07	 2.102836E-02	 3.251897E-02
